   cycle   grass rabbits   foxes coyotes
----------------------------------------
       0     290     153     153     124
       1    1521     205     226     194
       2    2294     300     334     296
       3    2442     238     318     284
       4    2492     209     360     347
       5    2498     170     248     204
       6    2629     213     295     272
       7    2651     170     218     201
       8    2742     159     251     246
       9    2772     123     233     246
      10    2805     152     230     268
      11    2832     126     176     211
      12    2883     128     203     231
      13    2902     100     163     205
      14    2934     123     180     243
      15    2949     106     186     230
      16    2970     108     166     249
      17    2975      92     149     199
      18    2988     111     160     219
      19    2995      95     148     189
      20    3020      97     161     206
      21    3027      86     161     214
      22    3035     109     155     225
      23    3043      93     128     176
      24    3051      96     144     201
      25    3053      86     133     179
      26    3054     109     149     203
      27    3054      93     155     205
      28    3055      96     152     218
      29    3055      86     122     177
      30    3055     109     141     204
      31    3055      93     129     179
      32    3058      96     147     205
      33    3058      86     151     205
      34    3059     109     150     221
      35    3059      93     119     176
      36    3066      96     136     197
      37    3067      86     125     174
      38    3071     109     144     196
      39    3071      93     148     199
      40    3071      96     148     212
      41    3071      86     118     171
      42    3072     109     136     192
      43    3072      93     125     174
      44    3072      96     144     195
      45    3072      86     148     200
      46    3072     109     148     211
      47    3072      93     118     171
      48    3072      96     136     192
      49    3072      86     125     174
      50    3072     109     144     195
      51    3072      93     148     200
      52    3072      96     148     211
      53    3072      86     118     171
      54    3072     109     136     192
      55    3072      93     125     174
      56    3072      96     144     195
      57    3072      86     148     200
      58    3072     109     148     211
      59    3072      93     118     171
      60    3072      96     136     192
      61    3072      86     125     174
      62    3072     109     144     195
      63    3072      93     148     200
      64    3072      96     148     211
      65    3072      86     118     171
      66    3072     109     136     192
      67    3072      93     125     174
      68    3072      96     144     195
      69    3072      86     148     200
      70    3072     109     148     211
      71    3072      93     118     171
      72    3072      96     136     192
      73    3072      86     125     174
      74    3072     109     144     195
      75    3072      93     148     200
      76    3072      96     148     211
      77    3072      86     118     171
      78    3072     109     136     192
      79    3072      93     125     174
      80    3072      96     144     195
      81    3072      86     148     200
      82    3072     109     148     211
      83    3072      93     118     171
      84    3072      96     136     192
      85    3072      86     125     174
      86    3072     109     144     195
      87    3072      93     148     200
      88    3072      96     148     211
      89    3072      86     118     171
      90    3072     109     136     192
      91    3072      93     125     174
      92    3072      96     144     195
      93    3072      86     148     200
      94    3072     109     148     211
      95    3072      93     118     171
      96    3072      96     136     192
      97    3072      86     125     174
      98    3072     109     144     195
      99    3072      93     148     200
     100    3072      96     148     211
