 80
 0.14739E+02
 0.78344E+01
 0.18291E+02
 0.21262E+02
 0.10059E+02
 0.33343E+02
 0.27312E+02
 0.19857E+02
 0.38761E+02
 0.12263E+02
 0.99301E+01
 0.17301E+02
 0.13767E+02
 0.27585E+02
 0.20369E+02
 0.18788E+02
 0.29566E+02
 0.49979E+01
 0.14658E+02
 0.20538E+02
 0.17961E+02
 0.12645E+02
 0.89927E+01
 0.22175E+02
 0.17165E+02
 0.48089E+01
 0.15202E+02
 0.16477E+02
 0.19928E+02
 0.23321E+02
 0.15920E+02
 0.25891E+02
 0.11811E+02
 0.38690E+02
 0.21436E+02
 0.56247E+02
 0.22514E+02
 0.29517E+02
 0.19206E+02
 0.16794E+02
 0.12670E+02
 0.73908E+01
 0.23094E+02
 0.14059E+02
 0.67153E+01
 0.13028E+02
 0.15857E+02
 0.72472E+01
 0.14271E+02
 0.37622E+02
 0.37070E+02
 0.41657E+02
 0.17499E+02
 0.22688E+02
 0.22490E+02
 0.19394E+02
 0.17379E+02
 0.11974E+02
 0.27743E+02
 0.17754E+02
 0.28533E+02
 0.11941E+02
 0.14383E+02
 0.94697E+01
 0.19523E+02
 0.11732E+02
 0.74018E+01
 0.17245E+02
 0.20586E+02
 0.43285E+02
 0.21794E+02
 0.29220E+02
 0.14977E+02
 0.14737E+02
 0.14951E+02
 0.28766E+02
 0.20772E+02
 0.17862E+02
 0.63606E+02
 0.18820E+02
